5911960
5911916
5001175
4554969
5789585
5001209
5853593
6008133
4992763
5663900
4213312
5284273
5706771
6199890
6001255
3893493
5148371
5836046
3684940
3684940
3652941
4411097
4284141
5023978
3509059
5821455
5826236
20048535653
5835307
5089225
5001175
4406411
5557742
5304529
4595955
5716985
6023389
5424574
6199890
5716981
5001175
5089235
5570999
5853593
5826212
3888216
6030774
6224517
6019534
5996357
6022664
3888216
6119744
6389385
5437633
6008133
5963066
16057682487
5835307
5897270
5464265
5181400
6001255
5437633
4203985
5089271
6138263
6224517
5912091
6224517
6088402
3888216
6138112
5706771
5284273
3893493
5963066
5001209
5159242
5911916
5001175
5437633
5437597
6224477
5437609
6119744
5912091
3875973
5911245
5734980
4432052
5734960
5571029
5821455
6055046
5464265
5853591
5868885
6072102
5875426
5780707
6075238
4753811
5957342
5626316
5876249
5936828
5678373
5778705
4914531
6134977
5378643
5283377
16278915632
5782095
6019534
4120319
10696491935
1668939269
12515390476
1059618318
11599376259
1498855695
10955711070
10312356860
14546074786
12051719142
20177606206
11458199557
12034890614
15693012533
12380688223
10416107630
14546074786
10686688822
10597083747
10523613938
14066070809
12105751939
10345642008
10872352756
14546074786
10565078322
1604425339
16888301649
25548478536
10520856775
25595657569
16888301649
25548478536
10520856775
1380994464
1441505755
19136983450
11562262008
10987320089
16888301649
25548478536
10520856775
25595657569
15905766204
1599420606
10192698577
14861911592
23189278997
22914659160
10312356860
20686454974
13458880171
17742354600
1668939269
1668939269
1096247062
1096247062
11135249339
11135249339
1777237377
1777237377
12515390476
12515390476
1464914
4029975
2510122
3202079
10204451910
10204451910
10037426727
10037426727
10048629617
10048629617
20409913795
20409913795
11064242309
11064242309
10374283670
1752018362
10744254194
10114511826
11255259847
11255259847
5130544
5130544
15110612297
15110612297
11804244590
11804244590
13517208690
13517208690
10089038769
1012478834
10564059220
11678457696
4867950
4867950
1096247062
1096247062
1428858
1428858
1731744456
1731744456
11237868905
11237868905
1589924166
10736057557
10312356451
10798342004
3230992
3230992
1206528
1206528
10513982855
10513982855
2201808
2201808
1096247062
1096247062
10611674353
15381011537
10428616087
15538131338
14567560031
14567560031
10513982855
10513982855
1096247062
1096247062
10734020788
10734020788
11728941401
11728941401
1243729662
10269790556
1008204569
1463312563
2941100
2941100
4765626
4765626
10513982855
10513982855
4034513
4034513
1096247062
1096247062
1515677089
1690311088
10134880046
1067629259
11598144052
13013301879
15340396749
10278324324
10075183596
16598697941
1668394045
11220241637
11894571920
18199710612
10808980603
12554053393
1367979633
18087872183
10360599653
1148158683
18199710612
10876660122
10734020788
12592788008
13612763919
13374915102
16387120721
10824294923
12761552485
12170813383
11248074333
15145078943
21588209893
15083527445
14974217009
11107014919
1801082350
10833674284
1799000525
11107014919
1801082350
1799000525
10833674284
10835312597
11185528544
10505816205
19269681907
20177606206
18196413714
23531200518
11010687361
19073430506
15342142156
16190642422
10214645676
20337073214
14546074786
16277908048
16888301649
25548478534
11088152550
22651282762
25548478536
11782373128
12285508012
20830517946
10520856775
16598697941
10519077949
10408936346
25570925020
10597188075
25595657569
1464914
1366527765
12140944353
18644752150
18171690243
4029975
1471058909
2001797
1738186902
1317235
3463469
10628038607
1592564719
1420815042
10102497638
10354067877
11943864307
10776845683
15567598666
1584124544
1577018906
21128467101
11294574205
12211833532
10401912382
10782573006
1206274445
12482375394
11632367379
11015309879
11257029943
19665246145
1650471865
10218314836
24702094052
18786816843
10058138979
1330243772
10239488338
14679862064
24702094047
1612831947
16396432790
16676639374
12576681935
4971397
4857789
3959649
4462837
4559541
16509176239
2651121
3822534
3907213
10771935111
1580763314
1172716802
11274395902
11678457696
10120944022
10448600459
10087294207
2149802
3230992
2201808
525550
892606
1206528
576289
4043835
4692025
1589924167
10084230360
1215855
2941518
13283786231
1242626
5041074
1177831
5041807
851580
1256398
1593255216
1248820
10561443317
10798342004
10448600459
10138659575
672811
2491688
2480646
3969267
1876283
4111097
1498224
2100011
216237
806855
245618
3547640
557897
982442
782086
4249270
738778
6282237
3244140
5966081
20112519303
6205097
5837586
6371256
1907695
2384789
5444280
5588495
4576841
3817049
4265498
5536060
4640760
1274665
4968173
10683485216
11183332587
4968173
5286141
5444280
5833386
2234473
6115565
2234473
3969267
4082696
5394758
5041603
20351030802
3388748
5837586
5530891
20112519303
4082696
3568206
3523259
4173870
5960696
5643944
5187940
3976469
3652363
1059189
201223
2607526
1418914
5273299
4399634
2220375
1498224
3244140
2372354
2220375
2384789
1498224
3406497
2100011
5286451
1294165
806855
2374443
671085
10844236806
1083058
3900730
5286451
4650476
2917945
1064458
2023601
2924774
10925481192
1440766
2469995
1215521
782086
1709470291
1691351
1384218
4667335
1546192
1257616
12649056600
16230316879
3992579
2187585
1140673
1132740
4219338
1135671
722599
13852394944
1010832
3929424
2770990
3332422
5107667
3597535
376048
2297564
3890566
5165553
982541
1579674
3029934
2828997
3403558
3597535
188000
4422898
3844123
2196076
3769180
1142199
1464854
729213
1108249
4033953
4632936
982541
2916884
10477349622
10642199014
11231069983
1052278801
1746206220
1041443116
10056655129
11253534034
3796666
2661667
2896057
985288
3059256
3923986
1609644
376048
591094
1161759
4498722
16381787035
5163870
3691850
10521954263
4337830
2300462
3547668
973878
3680547
4284777
935937
1103345
2357135
1892710
1890926
385569
10037349790
840172
998261
1544902
2357973
10845021152
1096132
385557
10094687756
1263792
4964818
120875
112840
1568152254
112843
1546288
10642008145
2957310
4371990
1033864
3595158
12671684613
1146488
3822827
215179
5842016
5940232
1677316
2983863
1308514
3332422
4071577
10642540451
4838732
11405164930
3740498
497227
4857386
1879150
3506353
2788489
4797201
11150449501
11846057188
3546864
11340882780
5346895
3557384
117835
1888400
11430294931
2789857
1060862
2460075
4372476
3773968
3356674
1043580
1121750723
4880320
1625101
4923262
4466768
1491681
1420686
10491651590
11161747879
3149308
492788
729221
1043580
1297518
3942001
4840262
1043580
3942001
2393885
931524
1218491
122074
5123108
10094872533
1350485
1658624583
617404
1714133
10037166949
1672086008
5087411
3031714
1103345
241191
4073319
4073319
216237
2099985
3202012
3822827
385263
215179
5545316
385568
782086
3278367
1103345
1215520
1000294
12005184100
5177288
683209
971876
1298313
241191
1278446
3941973
1060862
3244966
988844
4112612
2379171
4883405
306333
4689803
328263
3242416
4809355
3403278
4893393
4509733
4047589
5072140
3563441
3368118
3199331
5259288
3438860
5128667
4530371
4883403
10449221085
12734214989
12175168332
5188042
3707034
10280633663
12264110180
10061276482
19487114472
14115720240
12719171520
1539043188
10280633663
5902618
4515349
18551772429
3242416
1013631047
1533083813
1041464
14268840314
5009886
1195551
3438856
13935579189
6117199
385620
1137850
1103406
4110914
2851844
495229
1894492
889488
1203982
3822827
1407984
1023878
5566104
1338399
4309345
4512327
2669861
4026319
4432128
3227578
5188792
3397533
2571144
941189
5149494
5382904
3364589
4609652
4609658
4749506
2763391
3434526
4309345
4015468
3498623
4257918
4208343
2387882
1602011
4341091
2797791
2763391
5170816
4749506
1602011
3498623
5180916
5382904
5278181
5149494
2151534
4749506
3498623
4309345
5566104
5010925
6117197
5170816
5294405
1591280
3130047
3934375
2833305
2788652
1591280
1293744
3934375
2784998
3801116
3300569
2874548
4876807
2833305
1760146
4876809
4633896
4554266
3195185
1887628
480730
1760134
4027713
751624
5159200
4356980
831075
2985018
1591280
2833305
1293744
1760146
751624
4118333
3934375
5159200
2788652
1591280
1293744
3934375
2784998
3801116
4876807
2833305
1760146
4876809
4633896
4554266
1993092
3082122
1311928
2883267
2743359
1499556
5489136
3849312
4939815
4087397
3161552
4265268
3849312
4031578
4567192
4057227
1041233
3427066
10466098612
11237724371
1041233
5045274
10466098612
362384
1616147
1063478
1010731
11237724371
3082122
2743359
4706606
11237724371
10466098612
2999182
5045274
2883267
1993092
3849312
4093819
4933884
2763391
2999182
941189
4609658
6455175
4609652
6269270
2763391
5327182
2304629
1381659
3515384
4692385
5378693
6100116
1989245
4931289
5327182
3730042
5083662
4314877
5434753
2905589
2387698
1721163
5083662
3229644
4605817
2823062
3334112
4970089
1303547
3174147
4460770
959228
4930711
1185311
5168869
3247835
1161596
4622829
1582853
4327956
5382514
1730501
2336570
4825883
4969679
1381659
1777021
4648506
3935917
4829978
4825883
5168869
4421135
1196315
3806333
1163467
1455427145
4143960
1254662
1601186
4663767
1200291
1200291
1878024
3567265
2825326
3034802
4097050
1045206
3735328
807428
1840577
5081486
1957450
3532287
5801281
3477444
2922361
2277953
4003181
5375160
528133
1279250
2516710
11783609078
3606182
1711177
5090626
4241492
1200291
1163467
528133
1878024
5801281
3477444
1505141
1578744
1386451
2639434
5301084
4119490
4410501
1547384
6278361
3684940
25116100782
4307863
1702191
14986028026
21461938751
6289308
3684940
1682118
4307863
5932189
24343020582
11525227625
19805195977
3612880
16556549334
5250314
5233036
16801508305
5939294
5626316
5961848
5876247
5463965
5903221
5939294
5686935
5960758
5876251
5872377
5678391
6035390
5936824
5471448
5876249
5868897
5270073
4225877
5813002
5149134
5149140
5868885
5149124
5885574
4307863
5023978
4284141
5796230
5796230
13442883452
4284141
5023978
2371251
13442883452
5077883
1260301
1206264
1264596
2371251
13442883452
1260301
5077883
19509411286
4293789
5250538
3612880
604021
2031446
3509059
5233034
4370105
5236850
4370133
4370149
4370135
5233026
4006241
4518009
4517995
4511819
5362840
4749261
4749239
4749279
5362836
2652952
14986028026
6297136
3364902
24296528714
24296528714
22389414547
22389414547
2772287
2772287
19282067035
19282067035
22602051723
22602051723
17258051218
17258051218
2865866
2865866
1602970
1602970
19208200501
19208200501
1602915
1602915
1602970
1602970
10299140561
11627980529
22285338774
14506854968
10317512677
10694463104
12397410827
12397536431
12397389667
12397588932
12436955416
12436946834
11268615155
15029942405
16595131048
12261993182
12173774493
19999144646
4321056
2356082
4088579
13489374059
2384789
4335139
5205488
5352358
5168080
3597549
5286008
3794327
3794327
4317011
3858481
5148367
4527776
5079699
3784563
4335706
4335139
4492549
4357255
4748982
4232306
4335139
3867775
4748980
3867775
3597539
4335139
5143209
3714545
6031973
6043002
5168128
5288412
12359746117
11894320426
5219426
11317415515
1977872062
1635308579
4132882
5115332
4167780
2121097
4038531
3355984
4257400
4257094
3775065
510872
4209181
4245814
2356082
2168838
3458085
4188980
4189006
3173659
1842778
1334771
708004
3743889
4533075
1237194
675971
4132882
1003062
1279827
1157226
3885175
3360168
4189006
1057210
1003062
1157226
2175277
2782752
959834
785649
3376778
3093295
262214
3521759
1882111
2269354
405075
1552422
981261
992362
1337248
1445359
3419592
2145498
4304372
1430277
10484162893
1000459
1000431
1356598
3995554
1021901
896813
926686
1000467
2145498
3204859
788858
262214
1179011
1000467
926686
1179011
2145498
788858
3491228
3204859
1569737053
12672765043
1075693234
14980993898
11756119100
11185871114
12672765043
11692000381
10024489268
12989789522
1803497349
10801441656
1233421727
1075693234
1555771170
1085794603
1211892124
11782675167
13492327126
12163592862
11282250992
1691959957
10741318137
13305681593
10828715524
10020450093
10602635599
10019904045
10562093066
10278267490
1635308579
1501022728
1583407430
1505429461
10224757143
1508213586
1752551040
10100853944
4335716
4824715
5042169
6036188
4431213
4371830
1882111
4536234
2822984
262214
1267940701
10764257856
3086129
3944105
1882148
4155860
3724939
1888078
1226329
4737150
1321313
3173659
10095422168
1090491
926686
2145498
3204859
788858
262214
1501022728
2155852
10809112339
11049787905
10204238079
1577187
10695867181
1380281
2676432
6043002
3597539
4052189
4335139
3714545
5168128
692918
263438
896813
690352
4998626
4073319
4158280
4905128
896813
4552797
3727809
3843702
5308642
4332685
4585889
1224607
2357097
5149236
4028192
4335139
3588387
3714545
4161503
6043002
5168128
889488
1203982
1407984
1016818
1714133
681217
285738
1392191358
1434423821
10731974877
12576879400
1690094
1969644
1183370
4171539
18378164341
10605818955
1216334
4968703
11007788439
3000770
10034556529
11689784196
19674115593
10419461217
3910786
1657931
18021560377
17135420761
10562321870
12337701023
11028293920
11264893937
16002374727
10142436038
20416232945
1509744997
1144722293
1511967948
1186695
10593064717
2379122
10217499535
3234250
16980753707
10948208912
1580910683
12613679903
10612439113
1543635175
18180550042
17571240826
560885
3940553
4672676
3949250
3949298
2349391
11135883519
1094546246
2301722
4822462
4269991
857385
10337933684
11374759363
1355900845
11294097771
11703082249
1023737847
16927646828
1005486808
10356351879
10335184473
3666143
12656087143
1006224022
3604844
11817672021
13893729177
11440895156
1658719802
10190790994
1434269479
1279305938
3888216
11021874122
3234250
13671723017
14601955707
14675604128
13490714874
12321061547
15059482836
13937934254
14511031606
12970847165
24146578087
15352043305
12320075117
13623021320
4155046
996964
5572390
4993769
6247295
1238332
2668603
770132
4255683
6297299
16929480323
1138288
6282739
14773527868
1892028
5712532
3659174
5872143
3822082
1017250
4674876
4691178
3173754
4279806
4613337
3903250
4544244
4421963
6049975
14982651079
5221607
4530454
2615810
13893796628
6160183
3819956
3563662
4425271
3408926
5646652
4401075
4203467
5006187
2141154
12002429400
2370451
4245829
1892028
3438929
10722184438
10834873120
11231252058
1290976
4215788
2191558
3822082
5110135
2615810
1255738
3555226
1132207
1105402
2942674
2244910
2141606
1436718
604501
2857483
2831570
3355567
3724803
2851802
2195401
1496629
2931081
1535483
1295110
968111
4354506
1669858
1681335
100597
3174264
2317870
1138288
1343375
1867164
2239289
2797150
1270572
4002054
1068979
1752931705
1752931705
1752931705
10437308818
10437308818
10437308818
1121787
1121787
1121787
10167861292
10167861292
10167861292
11107045691
11107045691
11107045691
24413330295
24413330295
24413330295
1019244208
1019244208
1019244208
3791765
3791765
3791765
11906818422
11906818422
11906818422
25659087404
25659087404
25659087404
25659087404
25659087404
25659110624
25659110624
25659133884
25659133884
25659149374
25659149374
10075176395
10075176395
1100342915
1100342915
10075633384
10075633384
1425122677
1425122677
10120927358
10120927358
1599040883
1599040883
25641724414
25641724414
25643125648
25643125648
11135010647
11135010647
10245729757
10245729757
11385222814
11385222814
1596843573
1596843573
1815364598
1815364598
10960842306
10960842306
25641724414
25641724414
25643125648
25643125648
1610504085
1610504085
1741260528
1741260528
11640703261
11640703261
25634139492
25634139492
11243240226
11243240226
1085576876
1085576876
1012344344
1012344344
10220477650
10220477650
